1336 697.161 1219 1125.87 255 255 255
728 575.694 810 1156.49 255 255 255
1004 434.833 1222 702.265 255 255 255
669 300.096 1144 296.013 255 255 255
669 431.77 962 403.19 255 255 255
404 329.697 339 707.368 255 255 255
484 750.239 312 1058.5 255 255 255
1547 435.853 920 669.601 255 0 0
522 1120.77 644 1060.54 255 0 0
618 985.008 565 869.665 255 0 0
614 858.437 688 742.073 255 0 0
653 885.997 733 775.758 255 0 0
689 871.706 913 869.665 255 0 0
887 897.225 920 927.847 255 0 0
1074 1070.75 703 1125.87 255 0 0
715 1146.28 672 1234.07 255 0 0
792 1287.15 1095 1315.73 255 0 0
1250 1305.52 1220 1178.95 255 0 0
956 896.204 875 866.603 255 0 0
770 880.893 707 912.536 255 0 0
776 1018.69 937 1093.21 255 0 0
1109 1092.18 1095 1102.39 255 0 0
1084 763.509 1141 1088.1 0 0 255
1004 1103.41 920 1190.18 0 0 255
771 1168.74 929 1278.98 0 0 255
1144 1234.07 1186 1205.49 0 0 255
1200 986.029 729 917.64 0 0 255
