1408 1242.23 2513 478.724 255 255 255
698 865.582 696 197.002 255 255 255
2510 484.848 1754 200.064 255 255 255
1756 209.25 1755 1.02075 255 255 255
1754 6.12439 689 610.399 255 255 255
1754 14.2903 2516 302.137 255 255 255
2516 302.137 2507 502.201 255 255 255
1396 933.971 1393 1238.15 255 255 255
1395 930.909 2513 300.096 255 255 255
693 211.292 1354 -45.933 255 255 255
2516 309.282 691 209.25 255 255 255
1734 312.344 1610 411.356 255 0 0
1610 411.356 1693 488.931 255 0 0
1693 488.931 1908 362.36 255 0 0
1908 362.36 1728 307.241 255 0 0
1242 406.252 1242 555.279 255 0 0
1237 416.459 1314 369.506 255 0 0
1309 366.443 1309 366.443 255 0 0
1312 368.485 1336 526.699 255 0 0
1236 413.397 1305 375.63 0 0 255
1239 555.279 1100 630.813 255 255 255
1333 525.678 1752 218.437 255 255 255
232 938.054 227 396.045 255 255 255
222 488.931 162 371.547 255 255 255
222 494.035 269 366.443 255 255 255
236 559.362 385 403.19 255 255 255
230 682.871 426 573.652 255 255 255
226 773.716 40 494.035 255 255 255
217 654.29 117 451.164 255 255 255
500 1192.22 514 852.312 255 255 255
514 970.718 427 812.504 255 255 255
518 958.469 589 842.105 255 255 255
522 1093.21 369 915.598 255 255 255
503 1121.79 604 972.759 255 255 255
497 1024.82 596 948.262 255 255 255
508 1009.51 433 875.789 255 255 255
1921 1623.99 1885 1180.99 255 255 255
1856 1438.21 1750 1238.15 255 255 255
1910 1419.84 1988 1224.88 255 255 255
1887 1323.89 1942 1176.91 255 255 255
1834 1259.59 1790 1142.2 255 255 255
1934 1472.92 2063 1370.85 255 255 255
1893 1324.91 1826 1252.44 255 255 255
1882 1226.92 1841 1131.99 255 255 255
1852 1422.9 1909 1458.63 255 255 255
910 980.925 909 712.472 255 0 0
1035 776.778 1038 1055.44 255 0 0
1038 1055.44 1400 1242.23 255 255 255
695 859.458 903 975.821 255 255 255
812 1533.14 1293 1817.93 255 255 255
807 1523.96 798 1397.38 255 255 255
798 1397.38 1393 1728.1 255 255 255
1394 1728.1 1398 1840.38 255 255 255
1393 1715.85 1508 1839.36 255 255 255
3 884.976 380 1127.91 255 255 255
380 1127.91 379 1299.39 255 255 255
379 1299.39 -3 1046.25 255 255 255
1153 1507.62 1146 1240.19 255 255 255
1144 1259.59 1076 1161.59 255 255 255
1147 1235.09 1198 1195.28 255 255 255
1137 1334.1 1096 1272.85 255 255 255
1142 1320.83 1242 1288.17 255 255 255
1103 626.73 911 715.534 255 255 255
695 609.378 910 716.555 255 255 255
1032 773.716 1392 930.909 255 255 255
906 717.576 1035 771.675 255 0 0
1028 764.529 1041 815.566 255 0 0
1122 881.914 1117 1055.44 255 0 0
1114 1055.44 1253 1122.81 255 0 0
1253 1122.81 1254 928.868 255 0 0
1254 928.868 1127 872.727 255 0 0
1521 356.236 1509 910.494 0 255 0
1510 911.515 1521 361.34 255 255 255
1228 27.5598 1754 4.08289 0 255 0
