743 855.375 1524 325.614 255 255 255
1524 325.614 2343 1001.34 255 255 255
2343 1001.34 1390 1628.07 255 255 255
1390 1628.07 876 1138.12 255 255 255
741 852.312 586 950.303 255 255 255
586 950.303 678 1039.11 255 255 255
586 940.096 572 414.418 255 255 255
1524 332.759 1525 50.0159 255 255 255
1525 50.0159 566 644.083 255 255 255
1525 58.1818 2382 775.758 255 255 255
2382 775.758 2338 1017.67 255 255 255
1391 1610.72 1401 1263.67 255 255 255
1401 1263.67 2373 784.944 255 255 255
1395 1252.44 575 642.041 255 255 255
920 447.081 1165 670.622 255 255 255
677 1026.86 672 721.659 255 255 255
1163 676.746 1153 925.805 255 255 255
1153 925.805 925 733.907 255 255 255
916 458.309 919 753.301 255 255 255
1775 297.033 1758 567.528 255 255 255
1758 567.528 1154 932.951 255 255 255
1380 1224.88 1404 1295.31 255 255 255
1910 441.978 1886 592.026 255 255 255
1698 657.352 1760 715.534 255 0 0
1760 715.534 1834 656.332 255 0 0
1834 656.332 1757 609.378 255 0 0
1757 609.378 1692 671.643 255 0 0
1901 734.928 2086 898.246 0 0 255
2086 898.246 1939 970.718 0 0 255
1939 970.718 1778 804.338 0 0 255
1778 804.338 1911 734.928 0 0 255
1496 394.003 1536 427.687 0 255 0
1536 430.75 1475 473.62 0 255 0
1475 473.62 1442 428.708 0 255 0
1442 428.708 1500 397.065 0 255 0
1609 483.828 1665 559.362 0 255 0
1665 559.362 1564 635.917 0 255 0
1564 635.917 1490 539.968 0 255 0
1490 539.968 1623 480.766 0 255 0
